4294967294,0
4294967279,60
4294967279,57
4294967279,56
4294967279,51
4294967279,46
4294967279,44
4294967279,42
4294967279,37
4294967279,36
4294967279,34
4294967279,33
4294967279,28
4294967278,382
4294967278,357
4294967278,384
4294967278,132
4294967278,325
4294967278,131
4294967278,323
4294967278,130
4294967278,129
4294967278,127
4294967278,125
4294967278,124
4294967278,123
4294967278,118
4294967278,243
4294967278,117
4294967278,116
4294967278,115
4294967278,114
4294967278,368
4294967278,113
4294967278,112
4294967278,111
4294967278,110
4294967278,109
4294967278,397
4294967278,108
4294967278,107
4294967278,106
4294967278,105
4294967278,104
4294967278,174
4294967278,316
4294967278,101
4294967278,99
4294967278,354
4294967278,98
4294967278,97
4294967278,96
4294967278,89
4294967278,395
4294967278,86
4294967278,83
4294967278,379
4294967278,82
4294967278,378
4294967278,80
4294967278,79
4294967278,78
4294967278,77
4294967278,73
4294967278,343
4294967278,71
4294967278,68
4294967278,67
4294967278,66
4294967278,65
4294967278,392
4294967278,401
4294967279,83
4294967279,408
4294967279,80
4294967279,77
4294967279,74
4294967279,72
4294967279,67
4294967279,260
4294967279,53
4294967279,50
4294967279,48
4294967279,297
4294967279,47
4294967279,41
4294967279,427
4294967279,26
4294967279,25
4294967279,276
4294967279,23
4294967279,134
4294967279,22
4294967279,439
4294967279,19
4294967279,18
4294967279,316
4294967279,17
4294967279,16
4294967279,393
4294967279,15
4294967279,13
4294967279,291
4294967279,12
4294967279,392
4294967279,10
4294967279,391
4294967279,7
4294967279,448
4294967279,6
4294967279,275
4294967279,5
4294967279,281
4294967279,4
4294967278,122
4294967279,484
4294967278,121
4294967278,251
4294967278,120
4294967278,249
4294967278,119
4294967278,398
4294967279,240
4294967279,237
4294967279,236
4294967279,234
4294967279,226
4294967278,222
4294967278,102
4294967278,215
4294967278,217
4294967278,415
4294967278,103
4294967279,217
4294967279,280
4294967278,100
4294967278,356
4294967294,1068
4294967279,210
4294967278,93
4294967294,387
4294967294,29
4294967294,28
4294967294,40
4294967294,38
4294967294,37
4294967278,95
4294967278,390
4294967279,314
4294967278,94
4294967278,391
4294967278,351
201,6
4294967294,41
4294967278,313
4294967278,414
4294967278,92
4294967278,81
4294967294,81
4294967294,50
4294967294,419
4294967294,46
4294967294,2
4294967279,455
4294967278,91
4294967278,350
4294967294,22
4294967294,426
4294967294,67
4294967294,42
4294967294,36
4294967294,43
4294967294,91
4294967294,90
4294967294,87
4294967294,86
4294967294,85
4294967294,84
4294967294,1159
4294967294,1075
4294967294,1153
4294967278,90
4294967278,312
4294967294,39
4294967294,45
4294967294,430
4294967294,44
4294967294,53
4294967294,52
4294967294,1246
4294967294,1247
4294967294,1086
4294967294,1425
4294967294,27
4294967294,26
4294967294,1421
4294967294,417
4294967294,51
4294967294,25
4294967279,414
4294967278,87
4294967278,348
4294967294,94
4294967294,96
4294967294,93
4294967294,9
4294967294,8
4294967279,86
4294967294,1163
4294967294,92
4294967294,88
4294967294,95
4294967294,82
4294967294,1166
4294967294,1249
4294967294,83
4294967278,85
4294967278,84
4294967278,197
201,5
201,4
201,3
201,2
201,1
4294967278,311
4294967279,193
4294967279,468
4294967294,7
4294967278,76
4294967278,308
4294967279,66
4294967279,483
4294967278,404
4294967278,75
4294967279,466
4294967278,74
4294967278,72
4294967278,70
4294967278,377
4294967278,69
199,6
199,5
199,4
199,3
199,2
199,1
4294967279,404
4294967279,301
4294967279,482
4294967279,65
4294967279,55
4294967278,64
4294967279,403
4294967278,366
4294967279,61
4294967279,454
4294967279,453
4294967279,170
196,4
196,3
196,2
196,1
4294967278,157
4294967279,430
4294967279,457
4294967278,153
4294967294,1087
4294967279,40
4294967279,442
4294967279,38
4294967279,481
195,6
195,5
195,4
195,3
195,2
195,1
4294967279,32
4294967278,289
4294967279,426
4294967279,449
4294967279,460
4294967278,134
4294967278,136
4294967278,332
4294967279,20
4294967294,466
4294967294,467
4294967294,458
4294967294,418
4294967294,453
4294967294,485
4294967278,133
4294967279,21
4294967278,270
4294967279,273
4294967278,269
4294967278,405
4294967279,14
4294967279,288
4294967278,265
4294967279,268
4294967278,280
4294967279,267
4294967278,264
4294967279,11
4294967279,286
4294967278,263
4294967279,9
4294967279,464
4294967279,480
4294967279,8
4294967278,328
4294967279,262
192,6
4294967278,258
192,5
4294967279,284
192,4
4294967278,257
192,3
192,2
192,1
4294967279,259
4294967279,437
4294967278,322
4294967279,387
4294967278,128
4294967278,383
4294967279,386
4294967279,470
4294967278,126
4294967278,255
4294967278,358
4294967279,418
4294967279,254
4294967279,253
4294967279,247
4294967279,479
4294967279,411
4294967279,238
4294967279,398
189,7
4294967279,447
4294967278,235
4294967279,232
4294967278,407
4294967279,230
4294967279,228
4294967279,227
4294967279,224
4294967279,222
189,6
189,5
4294967279,220
189,4
189,3
189,2
189,1
4294967279,218
4294967279,215
4294967279,214
4294967279,422
4294967279,213
4294967278,211
4294967279,212
4294967279,420
4294967279,211
4294967279,417
4294967278,352
4294967278,207
4294967279,208
4294967279,207
4294967279,206
4294967294,176
4294967294,401
4294967294,1079
4294967278,202
4294967279,203
4294967279,307
4294967279,0
4294967278,380
4294967279,471
186,6
4294967279,192
186,5
186,4
186,3
186,2
186,1
4294967278,367
4294967278,185
4294967279,434
4294967278,403
4294967279,405
4294967279,182
4294967278,179
4294967294,439
4294967278,175
183,4
183,3
183,2
